report_date,pcr_neg,pcr_pos,pcr_int,pcr_total,pcr_avg
2020-03-16,409,30,0,439,NA
2020-03-17,635,50,0,685,NA
2020-03-18,738,57,2,797,NA
2020-03-19,1057,71,1,1129,NA
2020-03-20,1076,103,2,1181,NA
2020-03-21,741,82,2,825,NA
2020-03-22,626,79,0,705,823
2020-03-23,1630,176,4,1810,1018.8571428571429
2020-03-24,1850,214,0,2064,1215.857142857143
2020-03-25,2221,224,6,2451,1452.142857142857
2020-03-26,2172,258,1,2431,1638.142857142857
2020-03-27,1883,296,0,2179,1780.7142857142858
2020-03-28,1092,193,2,1287,1846.7142857142858
2020-03-29,751,139,0,890,1873.142857142857
2020-03-30,2426,361,0,2787,2012.7142857142858
2020-03-31,2198,301,1,2500,2075
2020-04-01,2046,273,2,2321,2056.4285714285716
2020-04-02,1888,292,3,2183,2021
2020-04-03,1733,250,2,1985,1993.2857142857142
2020-04-04,952,146,2,1100,1966.5714285714287
2020-04-05,784,113,3,900,1968
2020-04-06,2417,320,7,2744,1961.857142857143
2020-04-07,2081,242,2,2325,1936.857142857143
2020-04-08,2060,252,1,2313,1935.7142857142858
2020-04-09,1766,218,4,1988,1907.857142857143
2020-04-10,1986,241,5,2232,1943.142857142857
2020-04-11,851,107,1,959,1923
2020-04-12,694,101,3,798,1908.4285714285713
2020-04-13,1978,287,4,2269,1840.5714285714287
2020-04-14,1967,235,6,2208,1823.857142857143
2020-04-15,1843,242,4,2089,1791.857142857143
2020-04-16,1845,235,4,2084,1805.5714285714287
2020-04-17,2178,203,4,2385,1827.4285714285713
2020-04-18,1085,173,0,1258,1870.142857142857
2020-04-19,831,151,2,984,1896.7142857142858
2020-04-20,2461,317,10,2788,1970.857142857143
2020-04-21,2303,275,9,2587,2025
2020-04-22,2708,279,6,2993,2154.1428571428573
2020-04-23,2658,281,9,2948,2277.5714285714284
2020-04-24,2480,263,17,2760,2331.1428571428573
2020-04-25,1182,139,1,1322,2340.285714285714
2020-04-26,1050,90,1,1141,2362.714285714286
2020-04-27,3790,350,7,4147,2556.8571428571427
2020-04-28,4575,431,14,5020,2904.4285714285716
2020-04-29,4626,380,9,5015,3193.285714285714
2020-04-30,3867,336,11,4214,3374.1428571428573
2020-05-01,4244,339,13,4596,3636.4285714285716
2020-05-02,1588,91,2,1681,3687.714285714286
2020-05-03,1107,90,2,1199,3696
2020-05-04,3872,304,14,4190,3702.1428571428573
2020-05-05,4635,325,17,4977,3696
2020-05-06,4091,260,8,4359,3602.285714285714
2020-05-07,3785,181,10,3976,3568.285714285714
2020-05-08,4408,178,6,4592,3567.714285714286
2020-05-09,2148,133,4,2285,3654
2020-05-10,1267,76,0,1343,3674.5714285714284
2020-05-11,5083,262,11,5356,3841.1428571428573
2020-05-12,5281,234,7,5522,3919
2020-05-13,5374,343,9,5726,4114.285714285715
2020-05-14,4880,265,4,5149,4281.857142857143
2020-05-15,5708,255,14,5977,4479.714285714285
2020-05-16,3890,100,2,3992,4723.571428571428
2020-05-17,2774,125,3,2902,4946.285714285715
2020-05-18,6479,282,6,6767,5147.857142857143
2020-05-19,5826,299,6,6131,5234.857142857143
2020-05-20,5840,307,4,6151,5295.571428571428
2020-05-21,5622,320,10,5952,5410.285714285715
2020-05-22,6930,252,9,7191,5583.714285714285
2020-05-23,2997,109,2,3108,5457.428571428572
2020-05-24,2463,82,3,2548,5406.857142857143
2020-05-25,2364,94,2,2460,4791.571428571428
2020-05-26,12715,363,13,13091,5785.857142857143
2020-05-27,11592,358,9,11959,6615.571428571428
2020-05-28,10308,271,7,10586,7277.571428571428
2020-05-29,9520,272,7,9799,7650.142857142857
2020-05-30,4343,322,4,4669,7873.142857142857
2020-05-31,2778,215,3,2996,7937.142857142857
2020-06-01,10169,355,81,10605,9100.714285714286
2020-06-02,8529,285,13,8827,8491.57142857143
2020-06-03,8817,282,10,9109,8084.428571428572
2020-06-04,7712,310,18,8040,7720.714285714285
2020-06-05,8726,321,9,9056,7614.571428571428
2020-06-06,3372,125,3,3500,7447.571428571428
2020-06-07,2339,81,0,2420,7365.285714285715
2020-06-08,9588,368,9,9965,7273.857142857143
2020-06-09,10191,386,2,10579,7524.142857142857
2020-06-10,9998,378,10,10386,7706.571428571428
2020-06-11,7984,618,8,8610,7788
2020-06-12,8493,390,10,8893,7764.714285714285
2020-06-13,3832,171,6,4009,7837.428571428572
2020-06-14,2607,124,1,2732,7882
2020-06-15,13929,520,44,14493,8528.857142857143
2020-06-16,11691,576,111,12378,8785.857142857143
2020-06-17,9845,513,19,10377,8784.57142857143
2020-06-18,9552,664,41,10257,9019.857142857143
2020-06-19,10548,493,17,11058,9329.142857142857
2020-06-20,4493,258,11,4762,9436.714285714286
2020-06-21,2902,234,0,3136,9494.42857142857
2020-06-22,15725,725,92,16542,9787.142857142857
2020-06-23,11993,674,26,12693,9832.142857142857
2020-06-24,11317,744,29,12090,10076.857142857143
2020-06-25,9756,659,16,10431,10101.714285714286
2020-06-26,12028,668,9,12705,10337
2020-06-27,5669,425,3,6097,10527.714285714286
2020-06-28,4654,292,2,4948,10786.57142857143
2020-06-29,17982,1001,33,19016,11140
2020-06-30,14628,1011,16,15655,11563.142857142857
2020-07-01,13929,1079,25,15033,11983.57142857143
2020-07-02,13100,1111,14,14225,12525.57142857143
2020-07-03,8386,734,15,9135,12015.57142857143
2020-07-04,3711,358,6,4075,11726.714285714286
2020-07-05,4080,379,0,4459,11656.857142857143
2020-07-06,16801,1308,12,18121,11529
2020-07-07,16484,1385,19,17888,11848
2020-07-08,16097,1479,22,17598,12214.42857142857
2020-07-09,15581,1355,40,16976,12607.42857142857
2020-07-10,15087,1301,36,16424,13648.714285714286
2020-07-11,8910,724,29,9663,14447
2020-07-12,5835,498,7,6340,14715.714285714286
2020-07-13,20929,1545,57,22531,15345.714285714286
2020-07-14,18359,1490,34,19883,15630.714285714286
2020-07-15,16664,1324,22,18010,15689.57142857143
2020-07-16,13908,1234,14,15156,15429.57142857143
2020-07-17,15028,1192,14,16234,15402.42857142857
2020-07-18,7571,766,15,8352,15215.142857142857
2020-07-19,5034,563,12,5609,15110.714285714286
2020-07-20,20392,1705,31,22128,15053.142857142857
2020-07-21,16852,1461,35,18348,14833.857142857143
2020-07-22,13834,1420,22,15276,14443.285714285714
2020-07-23,14426,1408,37,15871,14545.42857142857
2020-07-24,14783,1321,29,16133,14531
2020-07-25,7678,652,10,8340,14529.285714285714
2020-07-26,5434,493,15,5942,14576.857142857143
2020-07-27,18823,1552,40,20415,14332.142857142857
2020-07-28,17825,1360,30,19215,14456
2020-07-29,13953,1437,29,15419,14476.42857142857
2020-07-30,12790,1254,20,14064,14218.285714285714
2020-07-31,13317,1133,10,14460,13979.285714285714
2020-08-01,7272,613,20,7905,13917.142857142857
2020-08-02,5399,622,22,6043,13931.57142857143
2020-08-03,20160,1660,43,21863,14138.42857142857
2020-08-04,16269,1444,29,17742,13928
2020-08-05,13446,1384,19,14849,13846.57142857143
2020-08-06,12655,1144,12,13811,13810.42857142857
2020-08-07,13649,1109,24,14782,13856.42857142857
2020-08-08,6734,693,9,7436,13789.42857142857
2020-08-09,5225,473,8,5706,13741.285714285714
2020-08-10,17202,1439,21,18662,13284
2020-08-11,15098,1292,27,16417,13094.714285714286
2020-08-12,13407,1375,28,14810,13089.142857142857
2020-08-13,13000,1129,17,14146,13137
2020-08-14,13453,1126,13,14592,13109.857142857143
2020-08-15,6010,629,13,6652,12997.857142857143
2020-08-16,4827,536,13,5376,12950.714285714286
2020-08-17,13995,1488,18,15501,12499.142857142857
2020-08-18,14279,1211,21,15511,12369.714285714286
2020-08-19,12407,1238,20,13665,12206.142857142857
2020-08-20,11564,1200,16,12780,12011
2020-08-21,11888,1090,14,12992,11782.42857142857
2020-08-22,5480,558,8,6046,11695.857142857143
2020-08-23,3540,502,17,4059,11507.714285714286
2020-08-24,13859,1508,32,15399,11493.142857142857
2020-08-25,14010,1319,21,15350,11470.142857142857
2020-08-26,12391,1431,29,13851,11496.714285714286
2020-08-27,12040,1282,14,13336,11576.142857142857
2020-08-28,11756,1286,24,13066,11586.714285714286
2020-08-29,5565,687,12,6264,11617.857142857143
2020-08-30,3975,550,6,4531,11685.285714285714
2020-08-31,13606,1614,40,15260,11665.42857142857
2020-09-01,13477,1441,28,14946,11607.714285714286
2020-09-02,13878,1473,34,15385,11826.857142857143
2020-09-03,14323,1347,66,15736,12169.714285714286
2020-09-04,14189,1303,13,15505,12518.142857142857
2020-09-05,6543,722,8,7273,12662.285714285714
2020-09-06,4969,595,32,5596,12814.42857142857
2020-09-07,5981,659,5,6645,11583.714285714286
2020-09-08,19780,1974,33,21787,12561
2020-09-09,14678,1822,29,16529,12724.42857142857
2020-09-10,14111,1491,17,15619,12707.714285714286
2020-09-11,14637,1383,20,16040,12784.142857142857
2020-09-12,6690,698,7,7395,12801.57142857143
2020-09-13,4731,545,6,5282,12756.714285714286
2020-09-14,14273,1220,21,15514,14023.714285714286
