report_date,pcr_neg,pcr_pos,pcr_int,pcr_total,pcr_avg
2020-03-16,409,30,0,439,NA
2020-03-17,635,50,0,685,NA
2020-03-18,738,57,2,797,NA
2020-03-19,1055,73,1,1129,NA
2020-03-20,1078,101,2,1181,NA
2020-03-21,741,82,2,825,NA
2020-03-22,626,79,0,705,823
2020-03-23,1630,176,4,1810,1018.8571428571429
2020-03-24,1850,214,0,2064,1215.857142857143
2020-03-25,2221,224,6,2451,1452.142857142857
2020-03-26,2172,259,1,2432,1638.2857142857142
2020-03-27,1884,295,0,2179,1780.857142857143
2020-03-28,1092,194,1,1287,1846.857142857143
2020-03-29,751,138,0,889,1873.142857142857
2020-03-30,2429,361,0,2790,2013.142857142857
2020-03-31,2204,301,1,2506,2076.285714285714
2020-04-01,2046,274,2,2322,2057.8571428571427
2020-04-02,1889,290,4,2183,2022.2857142857142
2020-04-03,1733,250,2,1985,1994.5714285714287
2020-04-04,952,146,2,1100,1967.857142857143
2020-04-05,784,113,3,900,1969.4285714285713
2020-04-06,2417,320,7,2744,1962.857142857143
2020-04-07,2081,242,2,2325,1937
2020-04-08,2060,252,1,2313,1935.7142857142858
2020-04-09,1766,218,4,1988,1907.857142857143
2020-04-10,1986,241,5,2232,1943.142857142857
2020-04-11,851,107,1,959,1923
2020-04-12,694,102,3,799,1908.5714285714287
2020-04-13,1978,287,4,2269,1840.7142857142858
2020-04-14,1968,234,6,2208,1824
2020-04-15,1844,242,4,2090,1792.142857142857
2020-04-16,1845,235,4,2084,1805.857142857143
2020-04-17,2178,201,4,2383,1827.4285714285713
2020-04-18,1084,173,0,1257,1870
2020-04-19,831,151,2,984,1896.4285714285713
2020-04-20,2457,317,10,2784,1970
2020-04-21,2303,274,9,2586,2024
2020-04-22,2709,278,6,2993,2153
2020-04-23,2657,281,9,2947,2276.285714285714
2020-04-24,2483,263,17,2763,2330.5714285714284
2020-04-25,1180,140,1,1321,2339.714285714286
2020-04-26,1050,90,1,1141,2362.1428571428573
2020-04-27,3790,350,7,4147,2556.8571428571427
2020-04-28,4575,432,14,5021,2904.714285714286
2020-04-29,4620,379,9,5008,3192.5714285714284
2020-04-30,3870,337,11,4218,3374.1428571428573
2020-05-01,4245,340,13,4598,3636.285714285714
2020-05-02,1588,91,2,1681,3687.714285714286
2020-05-03,1104,90,2,1196,3695.5714285714284
2020-05-04,3873,304,14,4191,3701.8571428571427
2020-05-05,4635,327,17,4979,3695.8571428571427
2020-05-06,4093,258,8,4359,3603.1428571428573
2020-05-07,3784,182,10,3976,3568.5714285714284
2020-05-08,4408,178,6,4592,3567.714285714286
2020-05-09,2147,133,4,2284,3653.8571428571427
2020-05-10,1267,76,0,1343,3674.8571428571427
2020-05-11,5082,263,11,5356,3841.285714285714
2020-05-12,5281,234,7,5522,3918.8571428571427
2020-05-13,5374,342,9,5725,4114
2020-05-14,4880,265,4,5149,4281.571428571428
2020-05-15,5708,255,14,5977,4479.428571428572
2020-05-16,3891,100,2,3993,4723.571428571428
2020-05-17,2773,125,3,2901,4946.142857142857
2020-05-18,6482,283,6,6771,5148.285714285715
2020-05-19,5826,299,6,6131,5235.285714285715
2020-05-20,5841,306,5,6152,5296.285714285715
2020-05-21,5622,321,9,5952,5411
2020-05-22,6929,251,9,7189,5584.142857142857
2020-05-23,2998,109,2,3109,5457.857142857143
2020-05-24,2462,82,3,2547,5407.285714285715
2020-05-25,2363,94,2,2459,4791.285714285715
2020-05-26,12716,364,13,13093,5785.857142857143
2020-05-27,11594,360,9,11963,6616
2020-05-28,10311,271,7,10589,7278.428571428572
2020-05-29,9518,272,7,9797,7651
2020-05-30,4342,324,4,4670,7874
2020-05-31,2778,214,3,2995,7938
2020-06-01,10169,354,81,10604,9101.57142857143
2020-06-02,8529,284,13,8826,8492
2020-06-03,8819,281,10,9110,8084.428571428572
2020-06-04,7713,310,18,8041,7720.428571428572
2020-06-05,8725,321,10,9056,7614.571428571428
2020-06-06,3371,125,3,3499,7447.285714285715
2020-06-07,2339,81,0,2420,7365.142857142857
2020-06-08,9587,366,9,9962,7273.428571428572
2020-06-09,10194,385,2,10581,7524.142857142857
2020-06-10,9998,379,10,10387,7706.571428571428
2020-06-11,10499,619,8,11126,8147.285714285715
2020-06-12,8495,389,10,8894,8124.142857142857
2020-06-13,3834,172,5,4011,8197.285714285714
2020-06-14,2606,124,1,2731,8241.714285714286
2020-06-15,13932,521,44,14497,8889.57142857143
2020-06-16,11694,573,114,12381,9146.714285714286
2020-06-17,9845,513,20,10378,9145.42857142857
2020-06-18,9555,663,41,10259,9021.57142857143
2020-06-19,10549,491,18,11058,9330.714285714286
2020-06-20,4491,258,11,4760,9437.714285714286
2020-06-21,2903,234,0,3137,9495.714285714286
2020-06-22,15730,722,93,16545,9788.285714285714
2020-06-23,12002,673,26,12701,9834
2020-06-24,11316,745,29,12090,10078.57142857143
2020-06-25,9743,659,16,10418,10101.285714285714
2020-06-26,12034,669,10,12713,10337.714285714286
2020-06-27,5666,425,3,6094,10528.285714285714
2020-06-28,4655,295,2,4952,10787.57142857143
2020-06-29,17972,1004,33,19009,11139.57142857143
2020-06-30,14625,1014,16,15655,11561.57142857143
2020-07-01,13918,1080,24,15022,11980.42857142857
2020-07-02,13119,1105,14,14238,12526.142857142857
2020-07-03,8380,737,14,9131,12014.42857142857
2020-07-04,3707,355,6,4068,11725
2020-07-05,4077,378,0,4455,11654
2020-07-06,16808,1311,13,18132,11528.714285714286
2020-07-07,16490,1378,19,17887,11847.57142857143
2020-07-08,16099,1481,22,17602,12216.142857142857
2020-07-09,15568,1357,40,16965,12605.714285714286
2020-07-10,15085,1299,36,16420,13647
2020-07-11,8904,723,29,9656,14445.285714285714
2020-07-12,5836,496,7,6339,14714.42857142857
2020-07-13,20931,1547,55,22533,15343.142857142857
2020-07-14,18357,1491,34,19882,15628.142857142857
2020-07-15,16698,1323,22,18043,15691.142857142857
2020-07-16,13909,1234,14,15157,15432.857142857143
2020-07-17,15033,1193,15,16241,15407.285714285714
2020-07-18,7570,766,15,8351,15220.857142857143
2020-07-19,5027,560,12,5599,15115.142857142857
2020-07-20,20389,1700,31,22120,15056.142857142857
2020-07-21,16851,1459,35,18345,14836.57142857143
2020-07-22,13849,1420,22,15291,14443.42857142857
2020-07-23,14427,1408,37,15872,14545.57142857143
2020-07-24,14791,1320,27,16138,14530.857142857143
2020-07-25,7678,653,10,8341,14529.42857142857
2020-07-26,5435,494,15,5944,14578.714285714286
2020-07-27,18940,1558,40,20538,14352.714285714286
2020-07-28,17869,1354,31,19254,14482.57142857143
2020-07-29,14085,1439,28,15552,14519.857142857143
2020-07-30,12906,1247,19,14172,14277
2020-07-31,13444,1136,10,14590,14055.857142857143
2020-08-01,7319,612,20,7951,14000.142857142857
2020-08-02,5424,620,23,6067,14017.714285714286
2020-08-03,20387,1670,43,22100,14240.857142857143
2020-08-04,16854,1436,29,18319,14107.285714285714
2020-08-05,14559,1360,21,15940,14162.714285714286
2020-08-06,13718,1147,13,14878,14263.57142857143
2020-08-07,14163,1092,21,15276,14361.57142857143
2020-08-08,6739,689,9,7437,14288.142857142857
2020-08-09,5204,478,8,5690,14234.285714285714
2020-08-10,17579,1453,20,19052,13798.857142857143
2020-08-11,15816,1285,27,17128,13628.714285714286
2020-08-12,14120,1369,31,15520,13568.714285714286
2020-08-13,13093,1141,16,14250,13479
2020-08-14,13810,1118,13,14941,13431.142857142857
2020-08-15,6195,633,13,6841,13346
2020-08-16,4978,530,15,5523,13322.142857142857
2020-08-17,14856,1478,26,16360,12937.57142857143
2020-08-18,15189,1205,23,16417,12836
2020-08-19,13329,1239,19,14587,12702.714285714286
2020-08-20,12249,1204,24,13477,12592.285714285714
2020-08-21,12393,1071,14,13478,12383.285714285714
2020-08-22,5631,549,8,6188,12290
2020-08-23,3976,490,17,4483,12141.42857142857
2020-08-24,14731,1486,29,16246,12125.142857142857
2020-08-25,13965,1352,26,15343,11971.714285714286
2020-08-26,12640,1465,31,14136,11907.285714285714
2020-08-27,12872,1259,17,14148,12003.142857142857
2020-08-28,11809,1255,21,13085,11947
2020-08-29,6045,680,10,6735,12025.142857142857
2020-08-30,4257,550,8,4815,12072.57142857143
2020-08-31,13917,1609,36,15562,11974.857142857143
2020-09-01,13429,1431,23,14883,11909.142857142857
2020-09-02,13750,1452,42,15244,12067.42857142857
2020-09-03,14149,1317,64,15530,12264.857142857143
2020-09-04,14055,1296,15,15366,12590.714285714286
2020-09-05,6521,729,8,7258,12665.42857142857
2020-09-06,4939,577,33,5549,12770.285714285714
2020-09-07,5823,664,5,6492,11474.57142857143
2020-09-08,19508,1948,34,21490,12418.42857142857
2020-09-09,14553,1845,28,16426,12587.285714285714
2020-09-10,14175,1516,17,15708,12612.714285714286
2020-09-11,14872,1417,23,16312,12747.857142857143
2020-09-12,6795,733,8,7536,12787.57142857143
2020-09-13,5336,571,5,5912,12839.42857142857
2020-09-14,19825,1755,36,21616,15000
2020-09-15,17219,1604,31,18854,14623.42857142857
2020-09-16,13984,1477,14,15475,14487.57142857143
2020-09-17,13778,1430,25,15233,14419.714285714286
2020-09-18,13013,1168,14,14195,14117.285714285714
2020-09-19,6269,482,9,6760,14006.42857142857
2020-09-20,2174,209,1,2384,13502.42857142857
