report_date,pcr_neg,pcr_pos,pcr_int,pcr_total,pcr_avg
2020-03-16,409,30,0,439,NA
2020-03-17,635,50,0,685,NA
2020-03-18,737,57,2,796,NA
2020-03-19,1056,71,1,1128,NA
2020-03-20,1076,104,2,1182,NA
2020-03-21,741,82,2,825,NA
2020-03-22,626,79,0,705,822.8571428571429
2020-03-23,1628,176,4,1808,1018.4285714285714
2020-03-24,1850,214,0,2064,1215.4285714285713
2020-03-25,2205,224,6,2435,1449.5714285714287
2020-03-26,2166,258,1,2425,1634.857142857143
2020-03-27,1841,296,0,2137,1771.2857142857142
2020-03-28,1090,194,2,1286,1837.142857142857
2020-03-29,747,139,0,886,1863
2020-03-30,2407,361,0,2768,2000.142857142857
2020-03-31,2167,301,1,2469,2058
2020-04-01,2020,274,2,2296,2038.142857142857
2020-04-02,1886,292,3,2181,2003.2857142857142
2020-04-03,1731,250,2,1983,1981.2857142857142
2020-04-04,950,145,2,1097,1954.2857142857142
2020-04-05,784,113,3,900,1956.2857142857142
2020-04-06,2417,319,7,2743,1952.7142857142858
2020-04-07,2081,242,2,2325,1932.142857142857
2020-04-08,2060,252,1,2313,1934.5714285714287
2020-04-09,1766,214,4,1984,1906.4285714285713
2020-04-10,1986,241,5,2232,1942
2020-04-11,851,105,1,957,1922
2020-04-12,694,98,3,795,1907
2020-04-13,1977,282,4,2263,1838.4285714285713
2020-04-14,1959,235,6,2200,1820.5714285714287
2020-04-15,1831,241,4,2076,1786.7142857142858
2020-04-16,1840,234,4,2078,1800.142857142857
2020-04-17,2171,202,4,2377,1820.857142857143
2020-04-18,1080,173,0,1253,1863.142857142857
2020-04-19,830,150,2,982,1889.857142857143
2020-04-20,2443,315,10,2768,1962
2020-04-21,2297,273,9,2579,2016.142857142857
2020-04-22,2704,279,6,2989,2146.5714285714284
2020-04-23,2639,281,9,2929,2268.1428571428573
2020-04-24,2470,263,17,2750,2321.4285714285716
2020-04-25,1172,139,1,1312,2329.8571428571427
2020-04-26,1042,90,1,1133,2351.4285714285716
2020-04-27,3780,349,7,4136,2546.8571428571427
2020-04-28,4564,430,14,5008,2893.8571428571427
2020-04-29,4555,379,9,4943,3173
2020-04-30,3839,334,11,4184,3352.285714285714
2020-05-01,4216,338,13,4567,3611.8571428571427
2020-05-02,1577,92,2,1671,3663.1428571428573
2020-05-03,1089,89,2,1180,3669.8571428571427
2020-05-04,3856,304,14,4174,3675.285714285714
2020-05-05,4618,325,17,4960,3668.4285714285716
2020-05-06,4075,260,8,4343,3582.714285714286
2020-05-07,3768,180,10,3958,3550.4285714285716
2020-05-08,4390,178,6,4574,3551.4285714285716
2020-05-09,2099,133,4,2236,3632.1428571428573
2020-05-10,1253,76,0,1329,3653.4285714285716
2020-05-11,5055,261,11,5327,3818.1428571428573
2020-05-12,5257,233,7,5497,3894.8571428571427
2020-05-13,5340,339,9,5688,4087
2020-05-14,4860,266,3,5129,4254.285714285715
2020-05-15,5682,255,13,5950,4450.857142857143
2020-05-16,3882,99,2,3983,4700.428571428572
2020-05-17,2765,125,3,2893,4923.857142857143
2020-05-18,6444,283,6,6733,5124.714285714285
2020-05-19,5782,299,6,6087,5209
2020-05-20,5745,307,3,6055,5261.428571428572
2020-05-21,5581,320,10,5911,5373.142857142857
2020-05-22,6892,251,9,7152,5544.857142857143
2020-05-23,2987,109,2,3098,5418.428571428572
2020-05-24,2457,82,3,2542,5368.285714285715
2020-05-25,2348,94,2,2444,4755.571428571428
2020-05-26,12653,362,13,13028,5747.142857142857
2020-05-27,11511,357,10,11878,6579
2020-05-28,10206,271,7,10484,7232.285714285715
2020-05-29,9476,271,7,9754,7604
2020-05-30,4329,327,4,4660,7827.142857142857
2020-05-31,2767,215,3,2985,7890.428571428572
2020-06-01,10084,354,81,10519,9044
2020-06-02,8397,283,13,8693,8424.714285714286
2020-06-03,8771,281,10,9062,8022.428571428572
2020-06-04,7637,309,18,7964,7662.428571428572
2020-06-05,8692,322,9,9023,7558
2020-06-06,3315,125,3,3443,7384.142857142857
2020-06-07,2322,81,0,2403,7301
2020-06-08,9490,368,8,9866,7207.714285714285
2020-06-09,10174,386,2,10562,7474.714285714285
2020-06-10,9895,378,10,10283,7649.142857142857
2020-06-11,7935,445,7,8387,7709.571428571428
2020-06-12,8451,389,10,8850,7684.857142857143
2020-06-13,3820,171,6,3997,7764
2020-06-14,2601,124,1,2726,7810.142857142857
2020-06-15,13848,520,43,14411,8459.42857142857
2020-06-16,11653,577,112,12342,8713.714285714286
2020-06-17,9768,512,19,10299,8716
2020-06-18,9494,666,41,10201,8975.142857142857
2020-06-19,10492,492,18,11002,9282.57142857143
2020-06-20,4480,258,11,4749,9390
2020-06-21,2877,234,0,3111,9445
2020-06-22,15401,720,92,16213,9702.42857142857
2020-06-23,11690,668,27,12385,9708.57142857143
2020-06-24,11009,746,29,11784,9920.714285714286
2020-06-25,9443,655,16,10114,9908.285714285714
2020-06-26,11770,667,10,12447,10114.714285714286
2020-06-27,5562,427,3,5992,10292.285714285714
2020-06-28,4619,289,2,4910,10549.285714285714
2020-06-29,17535,998,33,18566,10885.42857142857
2020-06-30,14242,1008,15,15265,11296.857142857143
2020-07-01,13499,1068,25,14592,11698
2020-07-02,12584,1099,14,13697,12209.857142857143
2020-07-03,8005,720,15,8740,11680.285714285714
2020-07-04,3626,359,5,3990,11394.285714285714
2020-07-05,4039,379,0,4418,11324
2020-07-06,16029,1294,13,17336,11148.285714285714
2020-07-07,15811,1339,18,17168,11420.142857142857
2020-07-08,15363,1463,21,16847,11742.285714285714
2020-07-09,15258,1342,40,16640,12162.714285714286
2020-07-10,14909,1289,36,16234,13233.285714285714
2020-07-11,8710,712,28,9450,14013.285714285714
2020-07-12,5791,497,7,6295,14281.42857142857
2020-07-13,20706,1535,53,22294,14989.714285714286
2020-07-14,18068,1457,34,19559,15331.285714285714
2020-07-15,16335,1278,22,17635,15443.857142857143
2020-07-16,13624,1225,15,14864,15190.142857142857
2020-07-17,14640,1192,15,15847,15134.857142857143
2020-07-18,7541,763,14,8318,14973.142857142857
2020-07-19,5000,554,12,5566,14869
2020-07-20,20195,1701,32,21928,14816.714285714286
2020-07-21,16718,1456,34,18208,14623.714285714286
2020-07-22,13643,1413,22,15078,14258.42857142857
2020-07-23,14255,1403,35,15693,14376.857142857143
2020-07-24,14530,1322,28,15880,14381.57142857143
2020-07-25,7642,651,10,8303,14379.42857142857
2020-07-26,5403,491,15,5909,14428.42857142857
2020-07-27,18596,1551,40,20187,14179.714285714286
2020-07-28,17474,1330,30,18834,14269.142857142857
2020-07-29,13653,1421,28,15102,14272.57142857143
2020-07-30,12501,1238,20,13759,13996.285714285714
2020-07-31,12966,1127,10,14103,13742.42857142857
2020-08-01,7233,612,20,7865,13679.857142857143
2020-08-02,5355,615,22,5992,13691.714285714286
2020-08-03,19891,1654,43,21588,13891.857142857143
2020-08-04,15975,1419,29,17423,13690.285714285714
2020-08-05,13035,1365,19,14419,13592.714285714286
2020-08-06,12339,1149,14,13502,13556
2020-08-07,13248,1093,24,14365,13593.42857142857
2020-08-08,6685,692,10,7387,13525.142857142857
2020-08-09,5173,476,8,5657,13477.285714285714
2020-08-10,17004,1425,23,18452,13029.285714285714
2020-08-11,14162,1257,29,15448,12747.142857142857
2020-08-12,12159,1420,37,13616,12632.42857142857
2020-08-13,12858,1124,17,13999,12703.42857142857
2020-08-14,13449,1119,15,14583,12734.57142857143
2020-08-15,5942,641,9,6592,12621
2020-08-16,4864,531,15,5410,12585.714285714286
2020-08-17,12704,1512,22,14238,11983.714285714286
2020-08-18,13162,1217,26,14405,11834.714285714286
2020-08-19,11266,1254,20,12540,11681
2020-08-20,10111,1228,22,11361,11304.142857142857
2020-08-21,10225,1110,14,11349,10842.142857142857
2020-08-22,4636,577,9,5222,10646.42857142857
2020-08-23,3645,519,19,4183,10471.142857142857
2020-08-24,13119,1520,23,14662,10531.714285714286
2020-08-25,12762,1303,20,14085,10486
2020-08-26,9636,1270,24,10930,10256
2020-08-27,6545,683,10,7238,9667
