report_date,pcr_neg,pcr_pos,pcr_int,pcr_total,pcr_avg
2020-03-16,409,30,0,439,NA
2020-03-17,635,50,0,685,NA
2020-03-18,738,57,2,797,NA
2020-03-19,1055,73,1,1129,NA
2020-03-20,1078,101,2,1181,NA
2020-03-21,741,82,2,825,NA
2020-03-22,626,79,0,705,823
2020-03-23,1630,176,4,1810,1018.8571428571429
2020-03-24,1850,214,0,2064,1215.857142857143
2020-03-25,2221,224,6,2451,1452.142857142857
2020-03-26,2172,259,1,2432,1638.2857142857142
2020-03-27,1884,295,0,2179,1780.857142857143
2020-03-28,1092,195,1,1288,1847
2020-03-29,751,138,0,889,1873.2857142857142
2020-03-30,2429,361,0,2790,2013.2857142857142
2020-03-31,2204,301,1,2506,2076.4285714285716
2020-04-01,2046,274,2,2322,2058
2020-04-02,1889,290,4,2183,2022.4285714285713
2020-04-03,1733,250,2,1985,1994.7142857142858
2020-04-04,952,146,2,1100,1967.857142857143
2020-04-05,784,113,3,900,1969.4285714285713
2020-04-06,2417,320,7,2744,1962.857142857143
2020-04-07,2081,242,2,2325,1937
2020-04-08,2060,252,1,2313,1935.7142857142858
2020-04-09,1766,218,4,1988,1907.857142857143
2020-04-10,1986,241,5,2232,1943.142857142857
2020-04-11,851,107,1,959,1923
2020-04-12,694,102,3,799,1908.5714285714287
2020-04-13,1978,287,4,2269,1840.7142857142858
2020-04-14,1966,234,6,2206,1823.7142857142858
2020-04-15,1842,242,4,2088,1791.5714285714287
2020-04-16,1846,235,4,2085,1805.4285714285713
2020-04-17,2177,202,4,2383,1827
2020-04-18,1084,173,0,1257,1869.5714285714287
2020-04-19,832,151,2,985,1896.142857142857
2020-04-20,2457,317,10,2784,1969.7142857142858
2020-04-21,2303,274,9,2586,2024
2020-04-22,2710,278,6,2994,2153.4285714285716
2020-04-23,2659,281,9,2949,2276.8571428571427
2020-04-24,2482,263,17,2762,2331
2020-04-25,1181,140,1,1322,2340.285714285714
2020-04-26,1051,90,1,1142,2362.714285714286
2020-04-27,3790,350,7,4147,2557.4285714285716
2020-04-28,4575,430,14,5019,2905
2020-04-29,4623,379,9,5011,3193.1428571428573
2020-04-30,3867,336,11,4214,3373.8571428571427
2020-05-01,4245,340,13,4598,3636.1428571428573
2020-05-02,1588,91,2,1681,3687.4285714285716
2020-05-03,1105,90,2,1197,3695.285714285714
2020-05-04,3872,304,14,4190,3701.4285714285716
2020-05-05,4634,327,17,4978,3695.5714285714284
2020-05-06,4092,259,8,4359,3602.4285714285716
2020-05-07,3785,182,10,3977,3568.5714285714284
2020-05-08,4408,178,6,4592,3567.714285714286
2020-05-09,2148,133,4,2285,3654
2020-05-10,1266,76,0,1342,3674.714285714286
2020-05-11,5080,263,11,5354,3841
2020-05-12,5279,235,7,5521,3918.5714285714284
2020-05-13,5373,342,9,5724,4113.571428571428
2020-05-14,4880,265,4,5149,4281
2020-05-15,5710,256,14,5980,4479.285714285715
2020-05-16,3891,100,2,3993,4723.285714285715
2020-05-17,2772,125,3,2900,4945.857142857143
2020-05-18,6481,282,6,6769,5148
2020-05-19,5826,299,6,6131,5235.142857142857
2020-05-20,5841,306,5,6152,5296.285714285715
2020-05-21,5620,321,9,5950,5410.714285714285
2020-05-22,6931,251,9,7191,5583.714285714285
2020-05-23,2996,109,2,3107,5457.142857142857
2020-05-24,2462,82,3,2547,5406.714285714285
2020-05-25,2362,94,2,2458,4790.857142857143
2020-05-26,12716,364,13,13093,5785.428571428572
2020-05-27,11591,359,9,11959,6615
2020-05-28,10310,271,7,10588,7277.571428571428
2020-05-29,9522,272,7,9801,7650.428571428572
2020-05-30,4343,324,4,4671,7873.857142857143
2020-05-31,2780,215,3,2998,7938.285714285715
2020-06-01,10169,354,81,10604,9102
2020-06-02,8530,284,13,8827,8492.57142857143
2020-06-03,8819,282,10,9111,8085.714285714285
2020-06-04,7712,310,18,8040,7721.714285714285
2020-06-05,8725,321,10,9056,7615.285714285715
2020-06-06,3374,125,3,3502,7448.285714285715
2020-06-07,2340,81,0,2421,7365.857142857143
2020-06-08,9588,366,9,9963,7274.285714285715
2020-06-09,10194,385,2,10581,7524.857142857143
2020-06-10,9998,379,10,10387,7707.142857142857
2020-06-11,10499,616,8,11123,8147.571428571428
2020-06-12,8495,389,10,8894,8124.428571428572
2020-06-13,3835,172,5,4012,8197.285714285714
2020-06-14,2606,124,1,2731,8241.57142857143
2020-06-15,13931,520,44,14495,8889
2020-06-16,11693,573,114,12380,9146
2020-06-17,9847,513,20,10380,9145
2020-06-18,9555,663,41,10259,9021.57142857143
2020-06-19,10549,491,18,11058,9330.714285714286
2020-06-20,4493,258,11,4762,9437.857142857143
2020-06-21,2901,234,0,3135,9495.57142857143
2020-06-22,15717,723,93,16533,9786.714285714286
2020-06-23,11999,672,26,12697,9832
2020-06-24,11322,744,29,12095,10077
2020-06-25,9747,656,16,10419,10099.857142857143
2020-06-26,12035,665,10,12710,10335.857142857143
2020-06-27,5666,426,3,6095,10526.285714285714
2020-06-28,4656,294,2,4952,10785.857142857143
2020-06-29,17971,1004,33,19008,11139.42857142857
2020-06-30,14636,1014,16,15666,11563.57142857143
2020-07-01,13914,1079,24,15017,11981
2020-07-02,13103,1103,14,14220,12524
2020-07-03,8375,736,14,9125,12011.857142857143
2020-07-04,3710,354,6,4070,11722.57142857143
2020-07-05,4079,379,0,4458,11652
2020-07-06,16818,1306,13,18137,11527.57142857143
2020-07-07,16478,1385,19,17882,11844.142857142857
2020-07-08,16075,1474,22,17571,12209
2020-07-09,15579,1356,40,16975,12602.57142857143
2020-07-10,15092,1300,36,16428,13645.857142857143
2020-07-11,8903,722,29,9654,14443.57142857143
2020-07-12,5836,497,7,6340,14712.42857142857
2020-07-13,20932,1546,55,22533,15340.42857142857
2020-07-14,18359,1490,34,19883,15626.285714285714
2020-07-15,16697,1320,22,18039,15693.142857142857
2020-07-16,13908,1234,14,15156,15433.285714285714
2020-07-17,15030,1192,15,16237,15406
2020-07-18,7573,765,15,8353,15220.142857142857
2020-07-19,5028,560,12,5600,15114.42857142857
2020-07-20,20393,1708,31,22132,15057.142857142857
2020-07-21,16852,1460,35,18347,14837.714285714286
2020-07-22,13847,1418,22,15287,14444.57142857143
2020-07-23,14427,1411,37,15875,14547.285714285714
2020-07-24,14801,1325,27,16153,14535.285714285714
2020-07-25,7680,650,10,8340,14533.42857142857
2020-07-26,5434,494,15,5943,14582.42857142857
2020-07-27,18942,1552,40,20534,14354.142857142857
2020-07-28,17873,1363,30,19266,14485.42857142857
2020-07-29,14080,1437,28,15545,14522.285714285714
2020-07-30,12902,1246,20,14168,14278.42857142857
2020-07-31,13457,1136,10,14603,14057
2020-08-01,7320,613,20,7953,14001.714285714286
2020-08-02,5439,619,22,6080,14021.285714285714
2020-08-03,20429,1670,45,22144,14251.285714285714
2020-08-04,16857,1433,24,18314,14115.285714285714
2020-08-05,14579,1375,20,15974,14176.57142857143
2020-08-06,13739,1146,11,14896,14280.57142857143
2020-08-07,14118,1100,20,15238,14371.285714285714
2020-08-08,6743,696,9,7448,14299.142857142857
2020-08-09,5223,472,9,5704,14245.42857142857
2020-08-10,17551,1441,19,19011,13797.857142857143
2020-08-11,15743,1281,23,17047,13616.857142857143
2020-08-12,14075,1390,32,15497,13548.714285714286
2020-08-13,13091,1121,16,14228,13453.285714285714
2020-08-14,13777,1130,13,14920,13407.857142857143
2020-08-15,6171,630,11,6812,13317
2020-08-16,4968,541,14,5523,13291.142857142857
2020-08-17,14820,1478,19,16317,12906.285714285714
2020-08-18,15175,1202,16,16393,12812.857142857143
2020-08-19,13309,1226,20,14555,12678.285714285714
2020-08-20,12192,1189,22,13403,12560.42857142857
2020-08-21,12350,1079,10,13439,12348.857142857143
2020-08-22,5584,549,7,6140,12252.857142857143
2020-08-23,3995,491,15,4501,12106.857142857143
2020-08-24,14660,1490,23,16173,12086.285714285714
2020-08-25,13851,1351,24,15226,11919.57142857143
2020-08-26,12575,1437,26,14038,11845.714285714286
2020-08-27,12844,1242,17,14103,11945.714285714286
2020-08-28,11812,1248,24,13084,11895
2020-08-29,6059,682,11,6752,11982.42857142857
2020-08-30,4244,552,7,4803,12025.57142857143
2020-08-31,13870,1633,37,15540,11935.142857142857
2020-09-01,13326,1430,23,14779,11871.285714285714
2020-09-02,13691,1448,41,15180,12034.42857142857
2020-09-03,14159,1332,69,15560,12242.57142857143
2020-09-04,13997,1278,14,15289,12557.57142857143
2020-09-05,6482,718,11,7211,12623.142857142857
2020-09-06,4917,588,34,5539,12728.285714285714
2020-09-07,5813,671,4,6488,11435.142857142857
2020-09-08,19373,1934,36,21343,12372.857142857143
2020-09-09,14509,1814,30,16353,12540.42857142857
2020-09-10,14237,1507,21,15765,12569.714285714286
2020-09-11,15037,1402,22,16461,12737.142857142857
2020-09-12,6803,718,7,7528,12782.42857142857
2020-09-13,5348,594,6,5948,12840.857142857143
2020-09-14,19859,1790,38,21687,15012.142857142857
2020-09-15,17435,1627,28,19090,14690.285714285714
2020-09-16,14211,1492,17,15720,14599.857142857143
2020-09-17,14291,1505,22,15818,14607.42857142857
2020-09-18,13679,1349,15,15043,14404.857142857143
2020-09-19,7150,730,17,7897,14457.57142857143
2020-09-20,4277,560,4,4841,14299.42857142857
2020-09-21,16163,1573,24,17760,13738.42857142857
2020-09-22,10228,976,16,11220,12614.142857142857
