report_date,pcr_neg,pcr_pos,pcr_int,pcr_total,pcr_avg
2020-03-16,409,30,0,439,NA
2020-03-17,635,50,0,685,NA
2020-03-18,737,56,2,795,NA
2020-03-19,1056,71,1,1128,NA
2020-03-20,1076,104,2,1182,NA
2020-03-21,741,82,2,825,NA
2020-03-22,626,79,0,705,822.7142857142857
2020-03-23,1628,176,4,1808,1018.2857142857143
2020-03-24,1850,214,0,2064,1215.2857142857142
2020-03-25,2205,224,6,2435,1449.5714285714287
2020-03-26,2166,258,1,2425,1634.857142857143
2020-03-27,1841,296,0,2137,1771.2857142857142
2020-03-28,1090,193,2,1285,1837
2020-03-29,747,139,0,886,1862.857142857143
2020-03-30,2407,361,0,2768,2000
2020-03-31,2167,301,1,2469,2057.8571428571427
2020-04-01,2020,274,2,2296,2038
2020-04-02,1886,292,3,2181,2003.142857142857
2020-04-03,1731,250,2,1983,1981.142857142857
2020-04-04,950,145,2,1097,1954.2857142857142
2020-04-05,784,113,3,900,1956.2857142857142
2020-04-06,2417,319,7,2743,1952.7142857142858
2020-04-07,2081,242,2,2325,1932.142857142857
2020-04-08,2060,252,1,2313,1934.5714285714287
2020-04-09,1766,214,4,1984,1906.4285714285713
2020-04-10,1986,241,5,2232,1942
2020-04-11,851,105,1,957,1922
2020-04-12,694,98,3,795,1907
2020-04-13,1977,282,4,2263,1838.4285714285713
2020-04-14,1959,235,6,2200,1820.5714285714287
2020-04-15,1831,241,4,2076,1786.7142857142858
2020-04-16,1840,234,4,2078,1800.142857142857
2020-04-17,2171,202,4,2377,1820.857142857143
2020-04-18,1080,173,0,1253,1863.142857142857
2020-04-19,830,150,2,982,1889.857142857143
2020-04-20,2443,315,10,2768,1962
2020-04-21,2297,274,9,2580,2016.2857142857142
2020-04-22,2704,279,6,2989,2146.714285714286
2020-04-23,2639,281,9,2929,2268.285714285714
2020-04-24,2470,263,17,2750,2321.5714285714284
2020-04-25,1172,139,1,1312,2330
2020-04-26,1042,90,1,1133,2351.5714285714284
2020-04-27,3780,349,7,4136,2547
2020-04-28,4564,430,14,5008,2893.8571428571427
2020-04-29,4555,379,9,4943,3173
2020-04-30,3839,334,11,4184,3352.285714285714
2020-05-01,4216,338,13,4567,3611.8571428571427
2020-05-02,1577,93,2,1672,3663.285714285714
2020-05-03,1089,89,2,1180,3670
2020-05-04,3856,304,14,4174,3675.4285714285716
2020-05-05,4618,325,17,4960,3668.5714285714284
2020-05-06,4075,260,8,4343,3582.8571428571427
2020-05-07,3768,181,10,3959,3550.714285714286
2020-05-08,4390,178,6,4574,3551.714285714286
2020-05-09,2099,133,4,2236,3632.285714285714
2020-05-10,1253,76,0,1329,3653.5714285714284
2020-05-11,5055,261,11,5327,3818.285714285714
2020-05-12,5257,234,7,5498,3895.1428571428573
2020-05-13,5340,339,9,5688,4087.285714285714
2020-05-14,4860,266,3,5129,4254.428571428572
2020-05-15,5682,254,13,5949,4450.857142857143
2020-05-16,3882,99,2,3983,4700.428571428572
2020-05-17,2765,125,3,2893,4923.857142857143
2020-05-18,6444,283,6,6733,5124.714285714285
2020-05-19,5782,298,6,6086,5208.714285714285
2020-05-20,5745,307,3,6055,5261.142857142857
2020-05-21,5581,320,10,5911,5372.857142857143
2020-05-22,6892,251,9,7152,5544.714285714285
2020-05-23,2987,109,2,3098,5418.285714285715
2020-05-24,2457,82,3,2542,5368.142857142857
2020-05-25,2348,93,2,2443,4755.285714285715
2020-05-26,12653,362,13,13028,5747
2020-05-27,11510,357,10,11877,6578.714285714285
2020-05-28,10206,271,7,10484,7232
2020-05-29,9476,271,7,9754,7603.714285714285
2020-05-30,4329,327,4,4660,7826.857142857143
2020-05-31,2767,215,3,2985,7890.142857142857
2020-06-01,10083,354,81,10518,9043.714285714286
2020-06-02,8397,283,13,8693,8424.42857142857
2020-06-03,8770,281,10,9061,8022.142857142857
2020-06-04,7637,309,18,7964,7662.142857142857
2020-06-05,8692,322,9,9023,7557.714285714285
2020-06-06,3315,125,3,3443,7383.857142857143
2020-06-07,2322,81,0,2403,7300.714285714285
2020-06-08,9490,368,8,9866,7207.571428571428
2020-06-09,10174,386,2,10562,7474.571428571428
2020-06-10,9894,378,10,10282,7649
2020-06-11,7935,445,7,8387,7709.428571428572
2020-06-12,8451,389,10,8850,7684.714285714285
2020-06-13,3820,171,6,3997,7763.857142857143
2020-06-14,2601,124,1,2726,7810
2020-06-15,13848,520,43,14411,8459.285714285714
2020-06-16,11652,577,112,12341,8713.42857142857
2020-06-17,9768,512,19,10299,8715.857142857143
2020-06-18,9493,664,41,10198,8974.57142857143
2020-06-19,10491,492,18,11001,9281.857142857143
2020-06-20,4480,258,11,4749,9389.285714285714
2020-06-21,2877,233,0,3110,9444.142857142857
2020-06-22,15400,719,92,16211,9701.285714285714
2020-06-23,11690,667,27,12384,9707.42857142857
2020-06-24,11008,745,29,11782,9919.285714285714
2020-06-25,9443,654,16,10113,9907.142857142857
2020-06-26,11769,666,10,12445,10113.42857142857
2020-06-27,5562,413,3,5978,10289
2020-06-28,4619,278,2,4899,10544.57142857143
2020-06-29,17535,984,33,18552,10879
2020-06-30,14242,988,15,15245,11287.714285714286
2020-07-01,13502,1059,25,14586,11688.285714285714
2020-07-02,12582,1077,14,13673,12196.857142857143
2020-07-03,8005,716,15,8736,11667
2020-07-04,3627,357,5,3989,11382.857142857143
2020-07-05,4039,378,0,4417,11314
2020-07-06,16027,1292,13,17332,11139.714285714286
2020-07-07,15810,1339,18,17167,11414.285714285714
2020-07-08,15362,1463,21,16846,11737.142857142857
2020-07-09,15255,1323,40,16618,12157.857142857143
2020-07-10,14908,1275,36,16219,13226.857142857143
2020-07-11,8709,715,28,9452,14007.285714285714
2020-07-12,5791,497,7,6295,14275.57142857143
2020-07-13,20706,1533,53,22292,14984.142857142857
2020-07-14,18065,1455,34,19554,15325.142857142857
2020-07-15,16334,1275,22,17631,15437.285714285714
2020-07-16,13624,1220,15,14859,15186
2020-07-17,14643,1180,15,15838,15131.57142857143
2020-07-18,7539,761,14,8314,14969
2020-07-19,4997,552,12,5561,14864.142857142857
2020-07-20,20208,1696,32,21936,14813.285714285714
2020-07-21,16705,1451,34,18190,14618.42857142857
2020-07-22,13641,1410,22,15073,14253
2020-07-23,14241,1398,35,15674,14369.42857142857
2020-07-24,14515,1315,28,15858,14372.285714285714
2020-07-25,7643,650,10,8303,14370.714285714286
2020-07-26,5397,491,15,5903,14419.57142857143
2020-07-27,18578,1542,40,20160,14165.857142857143
2020-07-28,17457,1326,31,18814,14255
2020-07-29,13618,1407,28,15053,14252.142857142857
2020-07-30,12486,1232,19,13737,13975.42857142857
2020-07-31,12952,1116,10,14078,13721.142857142857
2020-08-01,7223,609,20,7852,13656.714285714286
2020-08-02,5365,611,22,5998,13670.285714285714
2020-08-03,19886,1649,44,21579,13873
2020-08-04,15939,1407,28,17374,13667.285714285714
2020-08-05,13048,1366,23,14437,13579.285714285714
2020-08-06,12330,1149,14,13493,13544.42857142857
2020-08-07,13242,1090,19,14351,13583.42857142857
2020-08-08,6687,699,7,7393,13517.857142857143
2020-08-09,5139,478,7,5624,13464.42857142857
2020-08-10,17076,1446,20,18542,13030.57142857143
2020-08-11,14289,1251,29,15569,12772.714285714286
2020-08-12,12127,1415,36,13578,12650
2020-08-13,12854,1131,16,14001,12722.57142857143
2020-08-14,13491,1140,14,14645,12764.57142857143
2020-08-15,5943,646,9,6598,12651
2020-08-16,4893,540,14,5447,12625.714285714286
2020-08-17,12663,1519,22,14204,12006
2020-08-18,13221,1223,29,14473,11849.42857142857
2020-08-19,11106,1266,25,12397,11680.714285714286
2020-08-20,9769,1233,26,11028,11256
2020-08-21,9716,1070,12,10798,10706.42857142857
2020-08-22,4406,549,5,4960,10472.42857142857
2020-08-23,3069,467,15,3551,10201.57142857143
2020-08-24,7919,1066,22,9007,9459.142857142857
