report_date,pcr_neg,pcr_pos,pcr_int,pcr_total,pcr_avg
2020-03-16,409,30,0,439,NA
2020-03-17,635,50,0,685,NA
2020-03-18,738,57,2,797,NA
2020-03-19,1057,71,1,1129,NA
2020-03-20,1076,104,2,1182,NA
2020-03-21,741,82,2,825,NA
2020-03-22,626,80,0,706,823.2857142857143
2020-03-23,1630,176,4,1810,1019.1428571428571
2020-03-24,1850,214,0,2064,1216.142857142857
2020-03-25,2221,224,6,2451,1452.4285714285713
2020-03-26,2174,258,1,2433,1638.7142857142858
2020-03-27,1883,296,0,2179,1781.142857142857
2020-03-28,1092,194,2,1288,1847.2857142857142
2020-03-29,752,139,0,891,1873.7142857142858
2020-03-30,2426,361,0,2787,2013.2857142857142
2020-03-31,2199,301,1,2501,2075.714285714286
2020-04-01,2047,274,2,2323,2057.4285714285716
2020-04-02,1888,292,3,2183,2021.7142857142858
2020-04-03,1733,251,2,1986,1994.142857142857
2020-04-04,952,146,2,1100,1967.2857142857142
2020-04-05,784,113,3,900,1968.5714285714287
2020-04-06,2417,319,7,2743,1962.2857142857142
2020-04-07,2082,242,2,2326,1937.2857142857142
2020-04-08,2060,252,1,2313,1935.857142857143
2020-04-09,1766,216,4,1986,1907.7142857142858
2020-04-10,1986,241,5,2232,1942.857142857143
2020-04-11,851,105,1,957,1922.4285714285713
2020-04-12,694,101,3,798,1907.857142857143
2020-04-13,1982,287,4,2273,1840.7142857142858
2020-04-14,1959,235,6,2200,1822.7142857142858
2020-04-15,1831,241,4,2076,1788.857142857143
2020-04-16,1845,234,4,2083,1802.7142857142858
2020-04-17,2174,202,4,2380,1823.857142857143
2020-04-18,1081,174,0,1255,1866.4285714285713
2020-04-19,830,150,2,982,1892.7142857142858
2020-04-20,2444,316,10,2770,1963.7142857142858
2020-04-21,2298,274,9,2581,2018.142857142857
2020-04-22,2705,279,6,2990,2148.714285714286
2020-04-23,2641,281,9,2931,2269.8571428571427
2020-04-24,2470,263,17,2750,2322.714285714286
2020-04-25,1172,139,1,1312,2330.8571428571427
2020-04-26,1042,90,1,1133,2352.4285714285716
2020-04-27,3788,349,7,4144,2548.714285714286
2020-04-28,4567,430,14,5011,2895.8571428571427
2020-04-29,4610,380,9,4999,3182.8571428571427
2020-04-30,3869,334,11,4214,3366.1428571428573
2020-05-01,4249,340,13,4602,3630.714285714286
2020-05-02,1583,92,2,1677,3682.8571428571427
2020-05-03,1097,90,2,1189,3690.8571428571427
2020-05-04,3862,304,14,4180,3696
2020-05-05,4622,325,17,4964,3689.285714285714
2020-05-06,4078,260,8,4346,3596
2020-05-07,3770,181,10,3961,3559.8571428571427
2020-05-08,4397,178,6,4581,3556.8571428571427
2020-05-09,2099,133,4,2236,3636.714285714286
2020-05-10,1255,76,0,1331,3657
2020-05-11,5065,261,11,5337,3822.285714285714
2020-05-12,5270,233,7,5510,3900.285714285714
2020-05-13,5353,339,9,5701,4093.8571428571427
2020-05-14,4867,266,3,5136,4261.714285714285
2020-05-15,5686,255,13,5954,4457.857142857143
2020-05-16,3882,100,2,3984,4707.571428571428
2020-05-17,2765,125,3,2893,4930.714285714285
2020-05-18,6462,283,6,6751,5132.714285714285
2020-05-19,5812,298,6,6116,5219.285714285715
2020-05-20,5825,308,3,6136,5281.428571428572
2020-05-21,5605,321,10,5936,5395.714285714285
2020-05-22,6914,251,9,7174,5570
2020-05-23,2987,109,2,3098,5443.428571428572
2020-05-24,2458,82,3,2543,5393.428571428572
2020-05-25,2348,94,2,2444,4778.142857142857
2020-05-26,12700,362,13,13075,5772.285714285715
2020-05-27,11577,358,10,11945,6602.142857142857
2020-05-28,10265,271,7,10543,7260.285714285715
2020-05-29,9505,271,7,9783,7633
2020-05-30,4330,327,4,4661,7856.285714285715
2020-05-31,2768,215,3,2986,7919.571428571428
2020-06-01,10155,355,81,10591,9083.42857142857
2020-06-02,8518,284,13,8815,8474.857142857143
2020-06-03,8807,282,10,9099,8068.285714285715
2020-06-04,7701,309,18,8028,7709
2020-06-05,8711,322,9,9042,7603.142857142857
2020-06-06,3366,125,3,3494,7436.428571428572
2020-06-07,2333,81,0,2414,7354.714285714285
2020-06-08,9570,368,8,9946,7262.571428571428
2020-06-09,10178,386,2,10566,7512.714285714285
2020-06-10,9983,378,10,10371,7694.428571428572
2020-06-11,7964,484,8,8456,7755.571428571428
2020-06-12,8484,389,10,8883,7732.857142857143
2020-06-13,3820,171,6,3997,7804.714285714285
2020-06-14,2601,124,1,2726,7849.285714285715
2020-06-15,13915,521,43,14479,8496.857142857143
2020-06-16,11678,577,112,12367,8754.142857142857
2020-06-17,9828,513,19,10360,8752.57142857143
2020-06-18,9542,666,41,10249,9008.714285714286
2020-06-19,10545,492,18,11055,9319
2020-06-20,4480,258,11,4749,9426.42857142857
2020-06-21,2878,234,0,3112,9481.57142857143
2020-06-22,15412,720,92,16224,9730.857142857143
2020-06-23,11705,669,26,12400,9735.57142857143
2020-06-24,11017,747,29,11793,9940.285714285714
2020-06-25,9453,654,16,10123,9922.285714285714
2020-06-26,11781,668,10,12459,10122.857142857143
2020-06-27,5573,428,3,6004,10302.142857142857
2020-06-28,4626,291,2,4919,10560.285714285714
2020-06-29,17547,998,33,18578,10896.57142857143
2020-06-30,14259,1010,16,15285,11308.714285714286
2020-07-01,13510,1070,25,14605,11710.42857142857
2020-07-02,12607,1102,14,13723,12224.714285714286
2020-07-03,8033,731,15,8779,11699
2020-07-04,3630,358,6,3994,11411.857142857143
2020-07-05,4046,380,0,4426,11341.42857142857
2020-07-06,16227,1299,13,17539,11193
2020-07-07,15923,1377,18,17318,11483.42857142857
2020-07-08,15617,1475,22,17114,11841.857142857143
2020-07-09,15400,1352,40,16792,12280.285714285714
2020-07-10,14963,1295,36,16294,13353.857142857143
2020-07-11,8871,718,28,9617,14157.142857142857
2020-07-12,5818,499,7,6324,14428.285714285714
2020-07-13,20886,1545,56,22487,15135.142857142857
2020-07-14,18303,1500,34,19837,15495
2020-07-15,16592,1321,22,17935,15612.285714285714
2020-07-16,13725,1232,15,14972,15352.285714285714
2020-07-17,14978,1191,15,16184,15336.57142857143
2020-07-18,7558,766,15,8339,15154
2020-07-19,5028,561,12,5601,15050.714285714286
2020-07-20,20369,1705,32,22106,14996.285714285714
2020-07-21,16822,1463,35,18320,14779.57142857143
2020-07-22,13814,1417,22,15253,14396.42857142857
2020-07-23,14390,1412,36,15838,14520.142857142857
2020-07-24,14774,1325,29,16128,14512.142857142857
2020-07-25,7667,651,10,8328,14510.57142857143
2020-07-26,5423,492,15,5930,14557.57142857143
2020-07-27,18808,1557,40,20405,14314.57142857143
2020-07-28,17801,1356,30,19187,14438.42857142857
2020-07-29,13937,1435,28,15400,14459.42857142857
2020-07-30,12769,1253,19,14041,14202.714285714286
2020-07-31,13284,1130,10,14424,13959.285714285714
2020-08-01,7262,613,20,7895,13897.42857142857
2020-08-02,5385,622,22,6029,13911.57142857143
2020-08-03,20146,1666,44,21856,14118.857142857143
2020-08-04,16255,1433,27,17715,13908.57142857143
2020-08-05,13483,1372,21,14876,13833.714285714286
2020-08-06,12685,1139,12,13836,13804.42857142857
2020-08-07,13757,1110,21,14888,13870.714285714286
2020-08-08,6736,691,8,7435,13805
2020-08-09,5223,481,8,5712,13759.714285714286
2020-08-10,17313,1446,23,18782,13320.57142857143
2020-08-11,15163,1291,27,16481,13144.285714285714
2020-08-12,13456,1383,27,14866,13142.857142857143
2020-08-13,13132,1145,17,14294,13208.285714285714
2020-08-14,13572,1122,14,14708,13182.57142857143
2020-08-15,5914,627,12,6553,13056.57142857143
2020-08-16,4847,535,12,5394,13011.142857142857
2020-08-17,13482,1485,20,14987,12469
2020-08-18,14050,1212,17,15279,12297.285714285714
2020-08-19,12200,1240,22,13462,12096.714285714286
2020-08-20,11244,1216,23,12483,11838
2020-08-21,11489,1104,14,12607,11537.857142857143
2020-08-22,5346,568,7,5921,11447.57142857143
2020-08-23,3554,512,18,4084,11260.42857142857
2020-08-24,13583,1501,28,15112,11278.285714285714
2020-08-25,13751,1350,22,15123,11256
2020-08-26,12326,1455,22,13803,11304.714285714286
2020-08-27,11775,1290,13,13078,11389.714285714286
2020-08-28,11534,1304,18,12856,11425.285714285714
2020-08-29,5457,696,11,6164,11460
2020-08-30,3981,558,9,4548,11526.285714285714
2020-08-31,13160,1657,39,14856,11489.714285714286
2020-09-01,12986,1465,21,14472,11396.714285714286
2020-09-02,13258,1475,35,14768,11534.57142857143
2020-09-03,13350,1318,68,14736,11771.42857142857
2020-09-04,12715,1228,10,13953,11928.142857142857
2020-09-05,6309,718,10,7037,12052.857142857143
2020-09-06,4760,552,33,5345,12166.714285714286
2020-09-07,4337,528,1,4866,10739.57142857143
2020-09-08,12579,1150,12,13741,10635.142857142857
